# nurbs mesh v.2.1
#
# 05-Feb-2025
#
2 2 3 2 0 
PATCH 1 
2 1 
3 2 
0.000000000000000   0.000000000000000   0.000000000000000   1.000000000000000   1.000000000000000   1.000000000000000   
0.000000000000000   0.000000000000000   1.000000000000000   1.000000000000000   
0.200000000000000   0.193185165257814   0.173205080756888   0.500000000000000   0.482962913144534   0.433012701892219   
0.000000000000000   0.051763809020504   0.100000000000000   0.000000000000000   0.129409522551260   0.250000000000000   
1.000000000000000   0.965925826289068   1.000000000000000   1.000000000000000   0.965925826289068   1.000000000000000   
PATCH 2 
2 1 
3 2 
0.000000000000000   0.000000000000000   0.000000000000000   1.000000000000000   1.000000000000000   1.000000000000000   
0.000000000000000   0.000000000000000   1.000000000000000   1.000000000000000   
0.500000000000000   0.482962913144534   0.433012701892219   1.000000000000000   0.965925826289068   0.866025403784439   
0.000000000000000   0.129409522551260   0.250000000000000   0.000000000000000   0.258819045102521   0.500000000000000   
1.000000000000000   0.965925826289068   1.000000000000000   1.000000000000000   0.965925826289068   1.000000000000000   
PATCH 3 
2 1 
3 2 
0.000000000000000   0.000000000000000   0.000000000000000   1.000000000000000   1.000000000000000   1.000000000000000   
0.000000000000000   0.000000000000000   1.000000000000000   1.000000000000000   
1.000000000000000   0.965925826289068   0.866025403784439   2.000000000000000   2.000000000000000   2.000000000000000   
0.000000000000000   0.258819045102521   0.500000000000000   0.000000000000000   0.577350269189626   1.154700538379251   
1.000000000000000   0.965925826289068   1.000000000000000   1.000000000000000   1.000000000000000   1.000000000000000   
INTERFACE 1 
1 4 
2 3 
1 
INTERFACE 2 
2 4 
3 3 
1 
BOUNDARY 1 
3 
1 1 
2 1 
3 1 
BOUNDARY 2 
3 
1 2 
2 2 
3 2 
BOUNDARY 3 
1 
1 3 
BOUNDARY 4 
1 
3 4 
